  Group1Shift1  0.008 -0.000 -0.021  0.014
  Group1Shift2 -0.020 -0.001  0.017  0.004
    Group1Tau1 -0.004 -0.000  0.006 -0.002
  Group2Shift1  0.017 -0.002 -0.014 -0.002
  Group2Shift2 -0.011  0.000  0.004  0.007
    Group2Tau1 -0.005  0.001  0.004  0.001
  Group3Shift1 -0.003  0.007 -0.005  0.002
  Group3Shift2 -0.006 -0.001  0.001  0.007
    Group3Tau1  0.001 -0.002  0.002 -0.000
  Group4Shift1  0.017 -0.002 -0.009 -0.007
  Group4Shift2  0.003 -0.004 -0.000  0.002
    Group4Tau1 -0.005  0.001  0.002  0.002
  Group5Shift1  0.003 -0.005 -0.003  0.004
  Group5Shift2 -0.008 -0.007  0.004  0.012
    Group5Tau1  0.001  0.001 -0.001 -0.002
  Group6Shift1 -0.002 -0.001  0.000  0.002
  Group6Shift2  0.003  0.000 -0.005  0.001
    Group6Tau1  0.001  0.000 -0.001 -0.000
  Group7Shift1  0.002  0.003 -0.006 -0.001
  Group7Shift2  0.004  0.001 -0.001 -0.002
    Group7Tau1  0.000 -0.001  0.001 -0.000
  Group8Shift1  0.002  0.002 -0.005  0.000
  Group8Shift2  0.003  0.000 -0.002 -0.002
    Group8Tau1 -0.001 -0.001  0.001  0.000
  Group9Shift1  0.005  0.005 -0.002 -0.006
  Group9Shift2  0.003  0.000 -0.001 -0.003
    Group9Tau1 -0.002 -0.002  0.000  0.003
 Group10Shift1  0.000  0.001 -0.004  0.001
 Group10Shift2 -0.004 -0.004  0.001  0.006
   Group10Tau1  0.001 -0.000  0.000 -0.001
 Group11Shift1 -0.002  0.002 -0.005  0.005
 Group11Shift2  0.008 -0.000 -0.001 -0.006
   Group11Tau1  0.003 -0.000  0.000 -0.003
 Group12Shift1  0.004  0.002 -0.004 -0.000
 Group12Shift2  0.003  0.001 -0.002 -0.001
   Group12Tau1 -0.000 -0.000  0.000 -0.000
 Group13Shift1  0.005  0.002 -0.005 -0.000
 Group13Shift2  0.002 -0.000 -0.001 -0.000
   Group13Tau1 -0.001 -0.000  0.001  0.000
 Group14Shift1  0.001  0.002 -0.004  0.001
 Group14Shift2  0.002  0.001 -0.002 -0.001
   Group14Tau1 -0.001 -0.001  0.001  0.000
 Group15Shift1 -0.001  0.002 -0.000 -0.000
 Group15Shift2 -0.002 -0.002  0.003  0.001
   Group15Tau1  0.000  0.000 -0.001  0.001
 Group16Shift1 -0.001  0.001 -0.002  0.004
 Group16Shift2  0.010  0.004 -0.005 -0.009
   Group16Tau1  0.003  0.001 -0.001 -0.003
 Group17Shift1  0.005  0.001 -0.004 -0.001
 Group17Shift2  0.001  0.001 -0.002 -0.001
   Group17Tau1 -0.001  0.000  0.000  0.000
 Group18Shift1  0.002  0.002 -0.004  0.000
 Group18Shift2  0.002  0.001 -0.001 -0.001
   Group18Tau1 -0.001 -0.001  0.001  0.000
 Group19Shift1  0.001  0.001 -0.005  0.001
 Group19Shift2  0.003  0.000 -0.002 -0.001
   Group19Tau1 -0.001 -0.000  0.002  0.000
 Group20Shift1  0.001  0.002 -0.005  0.002
 Group20Shift2  0.007  0.002 -0.004 -0.003
   Group20Tau1 -0.003 -0.001  0.002  0.001
 Group21Shift1  0.001  0.002 -0.005  0.001
 Group21Shift2  0.012  0.001 -0.004 -0.008
   Group21Tau1  0.004 -0.000 -0.000 -0.003
 Group22Shift1  0.004  0.002 -0.004 -0.001
 Group22Shift2  0.001  0.001 -0.001 -0.000
   Group22Tau1 -0.000 -0.000  0.000  0.000
 Group23Shift1  0.002  0.001 -0.004  0.000
 Group23Shift2  0.000  0.001 -0.001  0.000
   Group23Tau1 -0.001  0.000  0.001  0.000
 Group24Shift1  0.000  0.001 -0.004  0.001
 Group24Shift2  0.002  0.001 -0.000 -0.001
   Group24Tau1 -0.001 -0.001  0.001  0.000
 Group25Shift1  0.006  0.002 -0.004 -0.003
 Group25Shift2  0.015  0.002 -0.004 -0.014
   Group25Tau1 -0.007 -0.001  0.002  0.006
 Group26Shift1  0.007  0.001 -0.007 -0.000
 Group26Shift2 -0.016  0.003  0.008  0.005
   Group26Tau1 -0.007  0.001  0.005  0.001
 Group27Shift1  0.004  0.002 -0.004 -0.000
 Group27Shift2 -0.001  0.000  0.000  0.001
   Group27Tau1 -0.001 -0.001  0.001  0.000
 Group28Shift1  0.003  0.002 -0.004 -0.000
 Group28Shift2 -0.001  0.000  0.000  0.000
   Group28Tau1 -0.001 -0.001  0.001  0.000
 Group29Shift1  0.001  0.001 -0.003  0.001
 Group29Shift2  0.001  0.001 -0.000 -0.001
   Group29Tau1 -0.001 -0.000  0.001  0.001
 Group30Shift1  0.001  0.001  0.000 -0.003
 Group30Shift2 -0.006  0.005  0.011 -0.011
   Group30Tau1  0.001 -0.002 -0.004  0.005
 Group31Shift1  0.007  0.000 -0.006 -0.002
 Group31Shift2  0.011 -0.001 -0.003 -0.008
   Group31Tau1  0.005 -0.001 -0.001 -0.003
 Group32Shift1  0.004  0.002 -0.004 -0.001
 Group32Shift2 -0.001  0.001  0.000  0.000
   Group32Tau1 -0.000 -0.000  0.000  0.000
 Group33Shift1  0.002  0.001 -0.004  0.000
 Group33Shift2 -0.000  0.001 -0.000 -0.000
   Group33Tau1 -0.000 -0.000  0.001 -0.000
 Group34Shift1  0.001  0.002 -0.004  0.001
 Group34Shift2 -0.001 -0.001  0.001  0.000
   Group34Tau1 -0.000  0.001 -0.000 -0.000
 Group35Shift1 -0.002  0.001 -0.001  0.003
 Group35Shift2  0.014  0.005 -0.010 -0.010
   Group35Tau1 -0.007 -0.002  0.004  0.005
 Group36Shift1  0.002  0.002 -0.004  0.001
 Group36Shift2 -0.008  0.002  0.004  0.001
   Group36Tau1 -0.003  0.000  0.002  0.000
 Group37Shift1  0.005  0.002 -0.004 -0.002
 Group37Shift2 -0.002  0.001  0.001 -0.001
   Group37Tau1 -0.001  0.000  0.001 -0.000
 Group38Shift1  0.003  0.001 -0.004  0.001
 Group38Shift2 -0.001  0.001  0.001 -0.000
   Group38Tau1 -0.001  0.000  0.000  0.001
 Group39Shift1  0.001  0.001 -0.003  0.002
 Group39Shift2 -0.002  0.001  0.001  0.000
   Group39Tau1 -0.000 -0.000  0.000  0.000
 Group40Shift1  0.003  0.003 -0.006 -0.001
 Group40Shift2 -0.002 -0.003  0.002  0.004
   Group40Tau1  0.000  0.001 -0.000 -0.001
 Group41Shift1  0.004  0.004 -0.008  0.001
 Group41Shift2 -0.002  0.006 -0.005  0.002
   Group41Tau1 -0.001  0.002 -0.002  0.001
 Group42Shift1  0.004  0.001 -0.004 -0.001
 Group42Shift2 -0.002  0.001  0.002  0.001
   Group42Tau1 -0.000 -0.001  0.001  0.000
 Group43Shift1  0.003  0.001 -0.004  0.001
 Group43Shift2 -0.002  0.001  0.001  0.001
   Group43Tau1 -0.001 -0.000  0.000  0.001
 Group44Shift1 -0.000  0.001 -0.003  0.003
 Group44Shift2 -0.002  0.001  0.001  0.000
   Group44Tau1 -0.001 -0.000  0.001  0.001
 Group45Shift1  0.004  0.002 -0.005 -0.000
 Group45Shift2 -0.006 -0.000  0.004  0.003
   Group45Tau1  0.001  0.000 -0.001 -0.001
 Group46Shift1  0.004  0.009 -0.010 -0.003
 Group46Shift2 -0.002  0.012 -0.005 -0.006
   Group46Tau1 -0.000  0.003 -0.002 -0.002
 Group47Shift1  0.005  0.003 -0.005 -0.002
 Group47Shift2 -0.003  0.001  0.001  0.000
   Group47Tau1 -0.000  0.000  0.000 -0.000
 Group48Shift1  0.001  0.002 -0.005  0.000
 Group48Shift2 -0.003  0.001  0.001  0.000
   Group48Tau1 -0.001  0.000  0.000  0.000
 Group49Shift1 -0.001  0.001 -0.002  0.001
 Group49Shift2 -0.003  0.000  0.001  0.001
   Group49Tau1 -0.001 -0.000  0.001  0.000
 Group50Shift1  0.005 -0.001 -0.006  0.003
 Group50Shift2 -0.005  0.004  0.004 -0.002
   Group50Tau1  0.001 -0.001 -0.001  0.001
 Group51Shift1  0.016  0.002 -0.006 -0.011
 Group51Shift2  0.008  0.005 -0.000 -0.012
   Group51Tau1  0.003 -0.000  0.000 -0.003
 Group52Shift1 -0.001 -0.002 -0.004  0.007
 Group52Shift2 -0.005  0.001  0.002  0.002
   Group52Tau1 -0.002 -0.001  0.001  0.002
 Group53Shift1  0.002  0.002 -0.004 -0.002
 Group53Shift2 -0.004  0.001  0.002  0.001
   Group53Tau1 -0.000  0.000  0.001 -0.000
 Group54Shift1  0.008  0.003 -0.006 -0.004
 Group54Shift2 -0.005  0.001  0.003  0.001
   Group54Tau1  0.001  0.000 -0.000 -0.001
 Group55Shift1 -0.000 -0.000 -0.004  0.005
 Group55Shift2 -0.002  0.001  0.001 -0.002
   Group55Tau1 -0.001 -0.000  0.000  0.001
 Group56Shift1  0.024 -0.016 -0.016  0.008
 Group56Shift2  0.023 -0.007 -0.010 -0.007
   Group56Tau1  0.006 -0.005 -0.003  0.002
 Group57Shift1 -0.015  0.007  0.003  0.004
 Group57Shift2 -0.002  0.005  0.002 -0.006
   Group57Tau1 -0.005  0.002  0.002  0.001
 Group58Shift1  0.016  0.003 -0.006 -0.014
 Group58Shift2  0.001  0.003  0.000 -0.005
   Group58Tau1  0.003  0.000 -0.000 -0.004
 Group59Shift1 -0.001 -0.003  0.000  0.004
 Group59Shift2 -0.001  0.004 -0.000 -0.001
   Group59Tau1 -0.001 -0.001  0.001  0.001
 Group60Shift1 -0.017 -0.009  0.004  0.022
 Group60Shift2  0.017  0.011 -0.006 -0.022
   Group60Tau1 -0.007 -0.003  0.003  0.007
