0.01 -334490.861262
0.0129292929293 -273131.113333
0.0158585858586 -238781.069072
0.0187878787879 -222181.808147
0.0217171717172 -216735.341948
0.0246464646465 -219155.598697
0.0275757575758 -227369.069477
0.0305050505051 -239377.653575
0.0334343434343 -255342.516644
0.0363636363636 -274791.711188
0.0392929292929 -297349.215131
0.0422222222222 -322763.977325
0.0451515151515 -350859.761492
0.0480808080808 -381505.810169
0.0510101010101 -414599.410974
0.0539393939394 -450055.409364
0.0568686868687 -487799.826388
0.059797979798 -527765.916309
0.0627272727273 -569891.680075
0.0656565656566 -614118.25717
0.0685858585859 -660388.862444
0.0715151515152 -708648.077425
0.0744444444444 -758841.385549
0.0773737373737 -810914.883264
0.080303030303 -864815.120884
0.0832323232323 -920489.03866
0.0861616161616 -977883.970573
0.0890909090909 -1036947.69356
0.0920202020202 -1097628.50432
0.0949494949495 -1159875.30997
0.0978787878788 -1223637.72222
0.100808080808 -1288866.14813
0.103737373737 -1355511.87279
0.106666666667 -1423527.1314
0.109595959596 -1492865.16957
0.112525252525 -1563480.29199
0.115454545455 -1635327.89979
0.118383838384 -1708364.5179
0.121313131313 -1782547.81329
0.124242424242 -1857836.6055
0.127171717172 -1934190.87057
0.130101010101 -2011571.73933
0.13303030303 -2089941.49118
0.13595959596 -2169263.54386
0.138888888889 -2249502.44025
0.141818181818 -2330623.83238
0.144747474747 -2412594.46345
0.147676767677 -2495382.14803
0.150606060606 -2578955.75084
0.153535353535 -2663285.16439
0.156464646465 -2748341.28569
0.159393939394 -2834095.99226
0.162323232323 -2920522.11749
0.165252525253 -3007593.42572
0.168181818182 -3095284.58687
0.171111111111 -3183571.15108
0.17404040404 -3272429.52309
0.17696969697 -3361836.93681
0.179898989899 -3451771.42991
0.182828282828 -3542211.81857
0.185757575758 -3633137.67254
0.188686868687 -3724529.29048
0.191616161616 -3816367.67563
0.194545454545 -3908634.51193
0.197474747475 -4001312.14056
0.200404040404 -4094383.53698
0.203333333333 -4187832.28845
0.206262626263 -4281642.57212
0.209191919192 -4375799.13368
0.212121212121 -4470287.26658
0.215050505051 -4565092.79178
0.21797979798 -4660202.0382
0.220909090909 -4755601.8237
0.223838383838 -4851279.43666
0.226767676768 -4947222.61819
0.229696969697 -5043419.54494
0.232626262626 -5139858.8125
0.235555555556 -5236529.41932
0.238484848485 -5333420.75133
0.241414141414 -5430522.56704
0.244343434343 -5527824.98318
0.247272727273 -5625318.46097
0.250202020202 -5722993.79283
0.253131313131 -5820842.08965
0.256060606061 -5918854.76856
0.25898989899 -6017023.54115
0.261919191919 -6115340.40224
0.264848484848 -6213797.61899
0.267777777778 -6312387.72058
0.270707070707 -6411103.48818
0.273636363636 -6509937.94548
0.276565656566 -6608884.34947
0.279494949495 -6707936.18171
0.282424242424 -6807087.1399
0.285353535354 -6906331.12986
0.288282828283 -7005662.25778
0.291212121212 -7105074.82287
0.294141414141 -7204563.31024
0.297070707071 -7304122.38416
0.3 -7403746.88157
