0.01 35718733.0445
0.0129292929293 35712367.6663
0.0158585858586 35704079.9126
0.0187878787879 35693969.4119
0.0217171717172 35682070.2851
0.0246464646465 35668390.5738
0.0275757575758 35652932.7461
0.0305050505051 35635694.2566
0.0334343434343 35616664.9669
0.0363636363636 35595828.8391
0.0392929292929 35573168.5253
0.0422222222222 35548669.952
0.0451515151515 35522325.442
0.0480808080808 35494135.2233
0.0510101010101 35464107.7092
0.0539393939394 35432259.0147
0.0568686868687 35398612.0851
0.059797979798 35363195.7017
0.0627272727273 35326043.5215
0.0656565656566 35287193.2238
0.0685858585859 35246685.7817
0.0715151515152 35204564.8448
0.0744444444444 35160876.2097
0.0773737373737 35115667.3568
0.080303030303 35068987.0344
0.0832323232323 35020884.8823
0.0861616161616 34971411.0888
0.0890909090909 34920616.08
0.0920202020202 34868550.242
0.0949494949495 34815263.6743
0.0978787878788 34760805.9777
0.100808080808 34705226.0723
0.103737373737 34648572.0461
0.106666666667 34590891.0321
0.109595959596 34532229.1096
0.112525252525 34472631.2288
0.115454545455 34412141.1536
0.118383838384 34350801.4221
0.121313131313 34288653.3202
0.124242424242 34225736.8666
0.127171717172 34162090.8073
0.130101010101 34097752.6182
0.13303030303 34032758.5129
0.13595959596 33967143.4559
0.138888888889 33900941.1797
0.141818181818 33834184.2048
0.144747474747 33766903.8623
0.147676767677 33699130.3181
0.150606060606 33630892.5991
0.153535353535 33562218.6204
0.156464646465 33493135.2129
0.159393939394 33423668.1528
0.162323232323 33353842.19
0.165252525253 33283681.0785
0.168181818182 33213207.6058
0.171111111111 33142443.6229
0.17404040404 33071410.0745
0.17696969697 33000127.0288
0.179898989899 32928613.7067
0.182828282828 32856888.5119
0.185757575758 32784969.0595
0.188686868687 32712872.2049
0.191616161616 32640614.0716
0.194545454545 32568210.0794
0.197474747475 32495674.9711
0.200404040404 32423022.8391
0.203333333333 32350267.1512
0.206262626263 32277420.7759
0.209191919192 32204496.0066
0.212121212121 32131504.5858
0.215050505051 32058457.7275
0.21797979798 31985366.1402
0.220909090909 31912240.0478
0.223838383838 31839089.2106
0.226767676768 31765922.9457
0.229696969697 31692750.1457
0.232626262626 31619579.298
0.235555555556 31546418.502
0.238484848485 31473275.4866
0.241414141414 31400157.6269
0.244343434343 31327071.9595
0.247272727273 31254025.1981
0.250202020202 31181023.7478
0.253131313131 31108073.7192
0.256060606061 31035180.9416
0.25898989899 30962350.9756
0.261919191919 30889589.1256
0.264848484848 30816900.4512
0.267777777778 30744289.7784
0.270707070707 30671761.7103
0.273636363636 30599320.6372
0.276565656566 30526970.7463
0.279494949495 30454716.0309
0.282424242424 30382560.2993
0.285353535354 30310507.1834
0.288282828283 30238560.1463
0.291212121212 30166722.4904
0.294141414141 30094997.3645
0.297070707071 30023387.771
0.3 29951896.5721
