0.01 -66139419.598
0.0129292929293 -61029042.6863
0.0158585858586 -57234831.6728
0.0187878787879 -54371007.1573
0.0217171717172 -52185735.312
0.0246464646465 -50530100.7745
0.0275757575758 -49271856.4914
0.0305050505051 -48311331.4135
0.0334343434343 -47572143.7761
0.0363636363636 -46997827.862
0.0392929292929 -46546429.0389
0.0422222222222 -46187429.2714
0.0451515151515 -45898521.2832
0.0480808080808 -45664421.866
0.0510101010101 -45474073.9593
0.0539393939394 -45318964.5365
0.0568686868687 -45190999.8841
0.059797979798 -45085068.2259
0.0627272727273 -44998168.8491
0.0656565656566 -44927091.7299
0.0685858585859 -44869316.486
0.0715151515152 -44822251.8383
0.0744444444444 -44784554.3501
0.0773737373737 -44754016.8606
0.080303030303 -44729925.0109
0.0832323232323 -44711385.6002
0.0861616161616 -44696328.5605
0.0890909090909 -44683912.4366
0.0920202020202 -44675011.1615
0.0949494949495 -44668783.7258
0.0978787878788 -44664060.9399
0.100808080808 -44659700.6414
0.103737373737 -44655291.9278
0.106666666667 -44652304.3977
0.109595959596 -44650934.1463
0.112525252525 -44650043.9223
0.115454545455 -44650063.739
0.118383838384 -44650508.7062
0.121313131313 -44651237.7538
0.124242424242 -44651939.9294
0.127171717172 -44651899.3412
0.130101010101 -44650816.2198
0.13303030303 -44649051.6899
0.13595959596 -44645094.7104
0.138888888889 -44639265.0932
0.141818181818 -44631073.5194
0.144747474747 -44621029.5606
0.147676767677 -44610619.4369
0.150606060606 -44600878.0452
0.153535353535 -44590847.9087
0.156464646465 -44579054.4313
0.159393939394 -44567237.0283
0.162323232323 -44554829.1934
0.165252525253 -44541059.2983
0.168181818182 -44527572.6166
0.171111111111 -44514305.1954
0.17404040404 -44500711.7855
0.17696969697 -44485769.234
0.179898989899 -44470169.4722
0.182828282828 -44454683.9162
0.185757575758 -44439856.7721
0.188686868687 -44426119.8923
0.191616161616 -44413447.6416
0.194545454545 -44402127.0341
0.197474747475 -44392117.8343
0.200404040404 -44383399.3055
0.203333333333 -44375828.7227
0.206262626263 -44369693.1994
0.209191919192 -44364954.0336
0.212121212121 -44361204.5506
0.215050505051 -44358271.7272
0.21797979798 -44356227.44
0.220909090909 -44355153.5827
0.223838383838 -44355105.7927
0.226767676768 -44355928.6129
0.229696969697 -44357568.8098
0.232626262626 -44360335.5033
0.235555555556 -44364149.5093
0.238484848485 -44368920.8106
0.241414141414 -44374594.0431
0.244343434343 -44381012.2402
0.247272727273 -44387899.0396
0.250202020202 -44395284.6796
0.253131313131 -44403238.3719
0.256060606061 -44411742.8291
0.25898989899 -44420230.5478
0.261919191919 -44429033.054
0.264848484848 -44438391.6423
0.267777777778 -44448496.4672
0.270707070707 -44458899.7069
0.273636363636 -44469339.4184
0.276565656566 -44480411.8597
0.279494949495 -44492046.7901
0.282424242424 -44504445.3771
0.285353535354 -44517477.9078
0.288282828283 -44530967.9597
0.291212121212 -44544788.9225
0.294141414141 -44558472.5574
0.297070707071 -44572240.0353
0.3 -44586423.8207
